image_width: 640
image_height: 480
camera_name: ov5647__base_axi_pcie_120000_rp1_i2c_80000_ov5647_36_640x480
camera_matrix:
  rows: 3
  cols: 3
  data: [321.51853912275226, 0, 300.06978815977124, 0, 325.24625074282676, 254.23550378002398, 0, 0, 1]
distortion_model: plumb_bob
distortion_coefficients:
  rows: 1
  cols: 5
  data: [-0.26116433990295107, 0.047761261157216864, -0.0015797026175513164, 0.00047438266530365643, 0]
rectification_matrix:
  rows: 3
  cols: 3
  data: [1, 0, 0, 0, 1, 0, 0, 0, 1]
projection_matrix:
  rows: 3
  cols: 4
  data: [220.02754211425781, 0, 302.95830028921955, 0, 0, 265.09423828125, 259.68312731033075, 0, 0, 0, 1, 0]
binning_x: 0
binning_y: 0
roi:
  x_offset: 0
  y_offset: 0
  height: 0
  width: 0
  do_rectify: false