image_width: 640
image_height: 480
camera_name: ov5647__base_axi_pcie_120000_rp1_i2c_88000_ov5647_36_640x480
camera_matrix:
  rows: 3
  cols: 3
  data: [316.00973713061956, 0, 312.01038206094546, 0, 318.92858037580822, 229.05830791141221, 0, 0, 1]
distortion_model: plumb_bob
distortion_coefficients:
  rows: 1
  cols: 5
  data: [-0.25135334873216164, 0.041234108008134082, -0.00090372056038615935, 0.0012501668126421678, 0]
rectification_matrix:
  rows: 3
  cols: 3
  data: [1, 0, 0, 0, 1, 0, 0, 0, 1]
projection_matrix:
  rows: 3
  cols: 4
  data: [210.83294677734375, 0, 317.23127554640814, 0, 0, 258.85678100585938, 221.00679685180694, 0, 0, 0, 1, 0]
binning_x: 0
binning_y: 0
roi:
  x_offset: 0
  y_offset: 0
  height: 0
  width: 0
  do_rectify: false